(80306,1.6620867714747762)
(71926,1.4553852266044105)
(77431,1.4314290302221924)
(2984,1.3657399686274045)
(1308,1.3198152994205334)
(7439,1.2789962103945098)
(76418,1.278827595316758)
(7723,1.2757283624414566)
(7779,1.2529033017682232)
(7753,1.2515632692214076)
(7796,1.2331629801109694)
(75529,1.181922288084566)
(75522,1.1713164726682983)
(75016,1.1713164726682983)
(75265,1.1713164726682983)
(74902,1.1571401024863297)
(7789,1.1394480016551876)
(7450,1.1287717996200364)
(75441,1.1275274535696997)
(7500,1.1151506261624182)
